1701ME19,Bebe Dingivan,France,bdingivan4r@shinystat.com,Female,15-07-2013,O-,Odisha
1801ME04,Gerome Haffard,Ukraine,ghaffarde2@shinystat.com,Male,09-06-2013,A-,Arunachal Pradesh
1901CE31,Malena Merington,India,mmeringtonnh@shinystat.com,Female,13-02-2011,B-,Jammu and Kashmir
